  0.0000    1    1.500   1.0000           sst
  1.5000    0    0.500   1.0000          NULL 
  2.0000    1    1.500   1.0000           sst
  3.5000    0    0.500   1.0000          NULL 
  4.0000    1    1.500   1.0000           sst
  5.5000    0    0.500   1.0000          NULL 
  6.0000    1    1.500   1.0000           sst
  7.5000    0    0.500   1.0000          NULL 
  8.0000    1    1.500   1.0000           sst
  9.5000    0    2.500   1.0000          NULL 
 12.0000    1    1.500   1.0000           sst
 13.5000    0    2.500   1.0000          NULL 
 16.0000    1    1.500   1.0000           sst
 17.5000    0    0.500   1.0000          NULL 
 18.0000    1    1.500   1.0000           sst
 19.5000    0    0.500   1.0000          NULL 
 20.0000    1    1.500   1.0000           sst
 21.5000    0    0.500   1.0000          NULL 
 22.0000    1    1.500   1.0000           sst
 23.5000    0    0.500   1.0000          NULL 
 24.0000    1    1.500   1.0000           sst
 25.5000    0    4.500   1.0000          NULL 
 30.0000    1    1.500   1.0000           sst
 31.5000    0    0.500   1.0000          NULL 
 32.0000    1    1.500   1.0000           sst
 33.5000    0    2.500   1.0000          NULL 
 36.0000    1    1.500   1.0000           sst
 37.5000    0    0.500   1.0000          NULL 
 38.0000    1    1.500   1.0000           sst
 39.5000    0    0.500   1.0000          NULL 
 40.0000    1    1.500   1.0000           sst
 41.5000    0    0.500   1.0000          NULL 
 42.0000    1    1.500   1.0000           sst
 43.5000    0    2.500   1.0000          NULL 
 46.0000    1    1.500   1.0000           sst
 47.5000    0    4.500   1.0000          NULL 
 52.0000    1    1.500   1.0000           sst
 53.5000    0    0.500   1.0000          NULL 
 54.0000    1    1.500   1.0000           sst
 55.5000    0    0.500   1.0000          NULL 
 56.0000    1    1.500   1.0000           sst
 57.5000    0    4.500   1.0000          NULL 
 62.0000    1    1.500   1.0000           sst
 63.5000    0    0.500   1.0000          NULL 
 64.0000    1    1.500   1.0000           sst
 65.5000    0    2.500   1.0000          NULL 
 68.0000    1    1.500   1.0000           sst
 69.5000    0    2.500   1.0000          NULL 
 72.0000    1    1.500   1.0000           sst
 73.5000    0    0.500   1.0000          NULL 
 74.0000    1    1.500   1.0000           sst
 75.5000    0    0.500   1.0000          NULL 
 76.0000    1    1.500   1.0000           sst
 77.5000    0    2.500   1.0000          NULL 
 80.0000    1    1.500   1.0000           sst
 81.5000    0    0.500   1.0000          NULL 
 82.0000    1    1.500   1.0000           sst
 83.5000    0    2.500   1.0000          NULL 
 86.0000    1    1.500   1.0000           sst
 87.5000    0    0.500   1.0000          NULL 
 88.0000    1    1.500   1.0000           sst
 89.5000    0    0.500   1.0000          NULL 
 90.0000    1    1.500   1.0000           sst
 91.5000    0    0.500   1.0000          NULL 
 92.0000    1    1.500   1.0000           sst
 93.5000    0    0.500   1.0000          NULL 
 94.0000    1    1.500   1.0000           sst
 95.5000    0    2.500   1.0000          NULL 
 98.0000    1    1.500   1.0000           sst
 99.5000    0    2.500   1.0000          NULL 
102.0000    1    1.500   1.0000           sst
103.5000    0    0.500   1.0000          NULL 
