  0.0000    1    1.500   1.0000           sst
  1.5000    0    0.500   1.0000          NULL 
  2.0000    1    1.500   1.0000           sst
  3.5000    0    0.500   1.0000          NULL 
  4.0000    1    1.500   1.0000           sst
  5.5000    0    0.500   1.0000          NULL 
  6.0000    1    1.500   1.0000           sst
  7.5000    0    4.500   1.0000          NULL 
 12.0000    1    1.500   1.0000           sst
 13.5000    0    2.500   1.0000          NULL 
 16.0000    1    1.500   1.0000           sst
 17.5000    0    0.500   1.0000          NULL 
 18.0000    1    1.500   1.0000           sst
 19.5000    0    0.500   1.0000          NULL 
 20.0000    1    1.500   1.0000           sst
 21.5000    0    0.500   1.0000          NULL 
 22.0000    1    1.500   1.0000           sst
 23.5000    0    2.500   1.0000          NULL 
 26.0000    1    1.500   1.0000           sst
 27.5000    0    0.500   1.0000          NULL 
 28.0000    1    1.500   1.0000           sst
 29.5000    0    0.500   1.0000          NULL 
 30.0000    1    1.500   1.0000           sst
 31.5000    0    2.500   1.0000          NULL 
 34.0000    1    1.500   1.0000           sst
 35.5000    0    2.500   1.0000          NULL 
 38.0000    1    1.500   1.0000           sst
 39.5000    0    0.500   1.0000          NULL 
 40.0000    1    1.500   1.0000           sst
 41.5000    0    0.500   1.0000          NULL 
 42.0000    1    1.500   1.0000           sst
 43.5000    0    0.500   1.0000          NULL 
 44.0000    1    1.500   1.0000           sst
 45.5000    0    2.500   1.0000          NULL 
 48.0000    1    1.500   1.0000           sst
 49.5000    0    0.500   1.0000          NULL 
 50.0000    1    1.500   1.0000           sst
 51.5000    0    2.500   1.0000          NULL 
 54.0000    1    1.500   1.0000           sst
 55.5000    0    0.500   1.0000          NULL 
 56.0000    1    1.500   1.0000           sst
 57.5000    0    0.500   1.0000          NULL 
 58.0000    1    1.500   1.0000           sst
 59.5000    0    0.500   1.0000          NULL 
 60.0000    1    1.500   1.0000           sst
 61.5000    0    4.500   1.0000          NULL 
 66.0000    1    1.500   1.0000           sst
 67.5000    0    0.500   1.0000          NULL 
 68.0000    1    1.500   1.0000           sst
 69.5000    0    4.500   1.0000          NULL 
 74.0000    1    1.500   1.0000           sst
 75.5000    0    0.500   1.0000          NULL 
 76.0000    1    1.500   1.0000           sst
 77.5000    0    2.500   1.0000          NULL 
 80.0000    1    1.500   1.0000           sst
 81.5000    0    2.500   1.0000          NULL 
 84.0000    1    1.500   1.0000           sst
 85.5000    0    0.500   1.0000          NULL 
 86.0000    1    1.500   1.0000           sst
 87.5000    0    0.500   1.0000          NULL 
 88.0000    1    1.500   1.0000           sst
 89.5000    0    4.500   1.0000          NULL 
 94.0000    1    1.500   1.0000           sst
 95.5000    0    0.500   1.0000          NULL 
 96.0000    1    1.500   1.0000           sst
 97.5000    0    0.500   1.0000          NULL 
 98.0000    1    1.500   1.0000           sst
 99.5000    0    0.500   1.0000          NULL 
100.0000    1    1.500   1.0000           sst
101.5000    0    0.500   1.0000          NULL 
102.0000    1    1.500   1.0000           sst
103.5000    0    0.500   1.0000          NULL 
